day,loa1signups,loa3signups
07/08/18,1140468,420825
07/15/18,1161084,426151
07/22/18,1181798,431559
07/29/18,1202249,437861
08/05/18,1224627,443456
08/12/18,1245904,448846
08/19/18,1266463,454252
08/26/18,1286873,460005
09/02/18,1305420,466500
09/09/18,1320972,471375
09/16/18,1336743,476219
09/23/18,1353444,480752
09/30/18,1370906,485678
10/07/18,1386659,490349
10/14/18,1402148,495220
10/21/18,1417254,499615
10/28/18,1431304,503739
11/04/18,1446050,508106
11/11/18,1477358,516394
11/13/18,1491085,520074
